image: Garden_09_2023.pgm
resolution: 0.050000
origin: [-11.857511, -25.616405, 0.000000]
negate: 0
occupied_thresh: 0.65
free_thresh: 0.196

